0.000000 0.000000 -10.500000
-0.257053 0.000000 -10.486750
0.257053 0.000000 -10.486750
-0.000000 0.000000 -10.475000
0.000000 0.000000 -10.475000
-0.258708 0.000000 -10.461442
0.258708 0.000000 -10.461442
-0.511380 0.000000 -10.447140
0.511380 0.000000 -10.447140
-0.514581 0.000000 -10.420916
0.514581 0.000000 -10.420916
-0.760287 0.000000 -10.381589
0.760287 0.000000 -10.381589
-0.764817 0.000000 -10.353865
0.764817 0.000000 -10.353865
-1.001135 0.000000 -10.290792
1.001135 0.000000 -10.290792
-1.006673 0.000000 -10.261025
1.006673 0.000000 -10.261025
-1.231370 0.000000 -10.175714
1.231370 0.000000 -10.175714
-1.237500 0.000000 -10.143413
1.237500 0.000000 -10.143413
-1.448553 0.000000 -10.037571
1.448553 0.000000 -10.037571
-1.454769 0.000000 -10.002317
1.454769 0.000000 -10.002317
-1.650380 0.000000 -9.877830
1.650380 0.000000 -9.877830
-1.656098 0.000000 -9.839284
1.656098 0.000000 -9.839284
-1.834714 0.000000 -9.698183
1.834714 0.000000 -9.698183
-1.839284 0.000000 -9.656098
1.839284 0.000000 -9.656098
-1.999598 0.000000 -9.500536
1.999598 0.000000 -9.500536
-2.002317 0.000000 -9.454768
2.002317 0.000000 -9.454768
-2.143286 0.000000 -9.286982
2.143286 0.000000 -9.286982
-2.143413 0.000000 -9.237500
2.143413 0.000000 -9.237500
-2.264256 0.000000 -9.059786
2.264256 0.000000 -9.059786
-2.261025 0.000000 -9.006673
2.261025 0.000000 -9.006673
-2.361223 0.000000 -8.821356
2.361223 0.000000 -8.821356
-2.353865 0.000000 -8.764817
2.353865 0.000000 -8.764817
-2.433161 0.000000 -8.574220
2.433161 0.000000 -8.574220
-2.420915 0.000000 -8.514582
2.420915 0.000000 -8.514582
-2.479307 0.000000 -8.320996
2.479307 0.000000 -8.320996
-2.461442 0.000000 -8.258708
2.461442 0.000000 -8.258708
-2.499171 0.000000 -8.064370
2.499171 0.000000 -8.064370
2.475000 0.000000 -8.000000
-2.475000 0.000000 -8.000000
-2.492544 0.000000 -7.807061
2.492544 0.000000 -7.807061
-2.461442 0.000000 -7.741292
2.461442 0.000000 -7.741292
-2.459495 0.000000 -7.551798
2.459495 0.000000 -7.551798
-2.420915 0.000000 -7.485418
2.420915 0.000000 -7.485418
-2.400375 0.000000 -7.301286
2.400375 0.000000 -7.301286
-2.353865 0.000000 -7.235183
2.353865 0.000000 -7.235183
-2.315810 0.000000 -7.058180
2.315810 0.000000 -7.058180
-2.261025 0.000000 -6.993327
2.261025 0.000000 -6.993327
-2.206697 0.000000 -6.825058
2.206697 0.000000 -6.825058
-2.143413 0.000000 -6.762500
2.143413 0.000000 -6.762500
-2.074193 0.000000 -6.604391
2.074193 0.000000 -6.604391
-2.002317 0.000000 -6.545231
2.002317 0.000000 -6.545231
-1.919701 0.000000 -6.398517
1.919701 0.000000 -6.398517
-1.839284 0.000000 -6.343902
1.839284 0.000000 -6.343902
-1.744861 0.000000 -6.209620
1.744861 0.000000 -6.209620
-1.656098 0.000000 -6.160717
1.656098 0.000000 -6.160717
-1.551524 0.000000 -6.039701
1.551524 0.000000 -6.039701
-1.454769 0.000000 -5.997683
1.454769 0.000000 -5.997683
-1.341740 0.000000 -5.890561
1.341740 0.000000 -5.890561
-1.237500 0.000000 -5.856587
1.237500 0.000000 -5.856587
-1.117735 0.000000 -5.763783
1.117735 0.000000 -5.763783
-1.006673 0.000000 -5.738975
1.006673 0.000000 -5.738975
-0.881880 0.000000 -5.660707
0.881880 0.000000 -5.660707
-0.764817 0.000000 -5.646135
0.764817 0.000000 -5.646135
-0.636678 0.000000 -5.582431
0.636678 0.000000 -5.582431
-0.514581 0.000000 -5.579084
0.514581 0.000000 -5.579084
-0.258708 0.000000 -5.538558
0.258708 0.000000 -5.538558
-0.384726 0.000000 -5.529780
0.384726 0.000000 -5.529780
0.000000 0.000000 -5.525000
-0.128697 0.000000 -5.503315
0.128697 0.000000 -5.503315
0.000000 0.000000 -5.500000
0.000000 0.000000 -5.500000
0.000000 0.500000 -10.500000
-0.257053 0.500000 -10.486750
0.257053 0.500000 -10.486750
-0.000000 0.500000 -10.475000
0.000000 0.500000 -10.475000
-0.258708 0.500000 -10.461442
0.258708 0.500000 -10.461442
-0.511380 0.500000 -10.447140
0.511380 0.500000 -10.447140
-0.514581 0.500000 -10.420916
0.514581 0.500000 -10.420916
-0.760287 0.500000 -10.381589
0.760287 0.500000 -10.381589
-0.764817 0.500000 -10.353865
0.764817 0.500000 -10.353865
-1.001135 0.500000 -10.290792
1.001135 0.500000 -10.290792
-1.006673 0.500000 -10.261025
1.006673 0.500000 -10.261025
-1.231370 0.500000 -10.175714
1.231370 0.500000 -10.175714
-1.237500 0.500000 -10.143413
1.237500 0.500000 -10.143413
-1.448553 0.500000 -10.037571
1.448553 0.500000 -10.037571
-1.454769 0.500000 -10.002317
1.454769 0.500000 -10.002317
-1.650380 0.500000 -9.877830
1.650380 0.500000 -9.877830
-1.656098 0.500000 -9.839284
1.656098 0.500000 -9.839284
-1.834714 0.500000 -9.698183
1.834714 0.500000 -9.698183
-1.839284 0.500000 -9.656098
1.839284 0.500000 -9.656098
-1.999598 0.500000 -9.500536
1.999598 0.500000 -9.500536
-2.002317 0.500000 -9.454768
2.002317 0.500000 -9.454768
-2.143286 0.500000 -9.286982
2.143286 0.500000 -9.286982
-2.143413 0.500000 -9.237500
2.143413 0.500000 -9.237500
-2.264256 0.500000 -9.059786
2.264256 0.500000 -9.059786
-2.261025 0.500000 -9.006673
2.261025 0.500000 -9.006673
-2.361223 0.500000 -8.821356
2.361223 0.500000 -8.821356
-2.353865 0.500000 -8.764817
2.353865 0.500000 -8.764817
-2.433161 0.500000 -8.574220
2.433161 0.500000 -8.574220
-2.420915 0.500000 -8.514582
2.420915 0.500000 -8.514582
-2.479307 0.500000 -8.320996
2.479307 0.500000 -8.320996
-2.461442 0.500000 -8.258708
2.461442 0.500000 -8.258708
-2.499171 0.500000 -8.064370
2.499171 0.500000 -8.064370
2.475000 0.500000 -8.000000
-2.475000 0.500000 -8.000000
-2.492544 0.500000 -7.807061
2.492544 0.500000 -7.807061
-2.461442 0.500000 -7.741292
2.461442 0.500000 -7.741292
-2.459495 0.500000 -7.551798
2.459495 0.500000 -7.551798
-2.420915 0.500000 -7.485418
2.420915 0.500000 -7.485418
-2.400375 0.500000 -7.301286
2.400375 0.500000 -7.301286
-2.353865 0.500000 -7.235183
2.353865 0.500000 -7.235183
-2.315810 0.500000 -7.058180
2.315810 0.500000 -7.058180
-2.261025 0.500000 -6.993327
2.261025 0.500000 -6.993327
-2.206697 0.500000 -6.825058
2.206697 0.500000 -6.825058
-2.143413 0.500000 -6.762500
2.143413 0.500000 -6.762500
-2.074193 0.500000 -6.604391
2.074193 0.500000 -6.604391
-2.002317 0.500000 -6.545231
2.002317 0.500000 -6.545231
-1.919701 0.500000 -6.398517
1.919701 0.500000 -6.398517
-1.839284 0.500000 -6.343902
1.839284 0.500000 -6.343902
-1.744861 0.500000 -6.209620
1.744861 0.500000 -6.209620
-1.656098 0.500000 -6.160717
1.656098 0.500000 -6.160717
-1.551524 0.500000 -6.039701
1.551524 0.500000 -6.039701
-1.454769 0.500000 -5.997683
1.454769 0.500000 -5.997683
-1.341740 0.500000 -5.890561
1.341740 0.500000 -5.890561
-1.237500 0.500000 -5.856587
1.237500 0.500000 -5.856587
-1.117735 0.500000 -5.763783
1.117735 0.500000 -5.763783
-1.006673 0.500000 -5.738975
1.006673 0.500000 -5.738975
-0.881880 0.500000 -5.660707
0.881880 0.500000 -5.660707
-0.764817 0.500000 -5.646135
0.764817 0.500000 -5.646135
-0.636678 0.500000 -5.582431
0.636678 0.500000 -5.582431
-0.514581 0.500000 -5.579084
0.514581 0.500000 -5.579084
-0.258708 0.500000 -5.538558
0.258708 0.500000 -5.538558
-0.384726 0.500000 -5.529780
0.384726 0.500000 -5.529780
0.000000 0.500000 -5.525000
0.000000 0.500000 -5.525000
-0.128697 0.500000 -5.503315
0.128697 0.500000 -5.503315
0.000000 0.500000 -5.500000
0.000000 0.500000 -5.500000