0.000000 0.000000 -11.172328
-0.331598 0.000000 -11.154950
0.331599 0.000000 -11.154950
-0.659564 0.000000 -11.103005
0.659564 0.000000 -11.103005
-0.980304 0.000000 -11.017063
0.980303 0.000000 -11.017063
-1.290302 0.000000 -10.898067
1.290302 0.000000 -10.898067
-1.586164 0.000000 -10.747317
1.586164 0.000000 -10.747317
-1.864648 0.000000 -10.566467
1.864648 0.000000 -10.566467
-2.122702 0.000000 -10.357499
2.122702 0.000000 -10.357499
-2.357499 0.000000 -10.122702
2.357499 0.000000 -10.122702
-2.566467 0.000000 -9.864648
2.566468 0.000000 -9.864648
-2.747317 0.000000 -9.586164
2.747317 0.000000 -9.586164
-2.898067 0.000000 -9.290302
2.898067 0.000000 -9.290302
-3.017063 0.000000 -8.980304
3.017063 0.000000 -8.980304
-3.103005 0.000000 -8.659564
3.103005 0.000000 -8.659564
-3.154950 0.000000 -8.331598
3.154950 0.000000 -8.331598
3.172328 0.000000 -8.000000
0.000000 0.000000 -8.000000
-3.172328 0.000000 -8.000000
-3.154950 0.000000 -7.668401
3.154950 0.000000 -7.668401
-3.103005 0.000000 -7.340436
3.103005 0.000000 -7.340436
-3.017063 0.000000 -7.019697
3.017063 0.000000 -7.019697
-2.898067 0.000000 -6.709698
2.898067 0.000000 -6.709698
-2.747317 0.000000 -6.413836
2.747317 0.000000 -6.413836
-2.566467 0.000000 -6.135352
2.566468 0.000000 -6.135352
-2.357499 0.000000 -5.877298
2.357499 0.000000 -5.877298
-2.122702 0.000000 -5.642501
2.122702 0.000000 -5.642501
-1.864648 0.000000 -5.433532
1.864648 0.000000 -5.433532
-1.586164 0.000000 -5.252683
1.586164 0.000000 -5.252683
-1.290302 0.000000 -5.101933
1.290302 0.000000 -5.101933
-0.980304 0.000000 -4.982937
0.980303 0.000000 -4.982937
-0.659564 0.000000 -4.896995
0.659564 0.000000 -4.896995
-0.331598 0.000000 -4.845050
0.331599 0.000000 -4.845050
0.000000 0.000000 -4.827672
0.000000 0.000000 -4.827672
0.000000 0.720000 -11.172328
-0.331598 0.720000 -11.154950
0.331599 0.720000 -11.154950
-0.659564 0.720000 -11.103005
0.659564 0.720000 -11.103005
-0.980304 0.720000 -11.017063
0.980303 0.720000 -11.017063
-1.290302 0.720000 -10.898067
1.290302 0.720000 -10.898067
-1.586164 0.720000 -10.747317
1.586164 0.720000 -10.747317
-1.864648 0.720000 -10.566467
1.864648 0.720000 -10.566467
-2.122702 0.720000 -10.357499
2.122702 0.720000 -10.357499
-2.357499 0.720000 -10.122702
2.357499 0.720000 -10.122702
-2.566467 0.720000 -9.864648
2.566468 0.720000 -9.864648
-2.747317 0.720000 -9.586164
2.747317 0.720000 -9.586164
-2.898067 0.720000 -9.290302
2.898067 0.720000 -9.290302
-3.017063 0.720000 -8.980304
3.017063 0.720000 -8.980304
-3.103005 0.720000 -8.659564
3.103005 0.720000 -8.659564
-3.154950 0.720000 -8.331598
3.154950 0.720000 -8.331598
3.172328 0.720000 -8.000000
0.000000 0.720000 -8.000000
-3.172328 0.720000 -8.000000
-3.154950 0.720000 -7.668401
3.154950 0.720000 -7.668401
-3.103005 0.720000 -7.340436
3.103005 0.720000 -7.340436
-3.017063 0.720000 -7.019697
3.017063 0.720000 -7.019697
-2.898067 0.720000 -6.709698
2.898067 0.720000 -6.709698
-2.747317 0.720000 -6.413836
2.747317 0.720000 -6.413836
-2.566467 0.720000 -6.135352
2.566468 0.720000 -6.135352
-2.357499 0.720000 -5.877298
2.357499 0.720000 -5.877298
-2.122702 0.720000 -5.642501
2.122702 0.720000 -5.642501
-1.864648 0.720000 -5.433532
1.864648 0.720000 -5.433532
-1.586164 0.720000 -5.252683
1.586164 0.720000 -5.252683
-1.290302 0.720000 -5.101933
1.290302 0.720000 -5.101933
-0.980304 0.720000 -4.982937
0.980303 0.720000 -4.982937
-0.659564 0.720000 -4.896995
0.659564 0.720000 -4.896995
-0.331598 0.720000 -4.845050
0.331599 0.720000 -4.845050
0.000000 0.720000 -4.827672