-2.500000 0.000000 -10.500000
2.500000 0.000000 -10.500000
-2.400000 0.000000 -10.400000
2.400000 0.000000 -10.400000
-2.400000 0.000000 -5.600000
2.400000 0.000000 -5.600000
-2.500000 0.000000 -5.500000
2.500000 0.000000 -5.500000
-2.500000 0.100000 -10.500000
2.500000 0.100000 -10.500000
-2.400000 0.100000 -10.400000
2.400000 0.100000 -10.400000
-2.400000 0.100000 -5.600000
2.400000 0.100000 -5.600000
-2.500000 0.100000 -5.500000
2.500000 0.100000 -5.500000
-2.450000 0.000000 -7.950000
-2.500000 0.000000 -8.000000
-2.450000 0.000000 -10.450000
0.000000 0.000000 -10.400000
-0.050000 0.000000 -10.450000
2.450000 0.000000 -10.450000
0.000000 0.000000 -10.500000
0.000000 0.100000 -10.500000
0.000000 0.050000 -10.500000
-2.500000 0.050000 -10.500000
2.500000 0.050000 -10.500000
-2.500000 0.050000 -8.000000
2.400000 0.000000 -8.000000
2.450000 0.000000 -8.050000
2.450000 0.000000 -5.550000
2.500000 0.000000 -8.000000
2.500000 0.100000 -8.000000
2.500000 0.050000 -8.000000
2.500000 0.050000 -5.500000
-2.450000 0.000000 -5.550000
-2.400000 0.000000 -8.000000
0.000000 0.050000 -10.400000
-2.400000 0.050000 -10.400000
-2.400000 0.100000 -8.000000
-2.400000 0.050000 -8.000000
-2.400000 0.050000 -5.600000
2.400000 0.050000 -8.000000
2.400000 0.050000 -10.400000
0.000000 0.100000 -10.400000
0.050000 0.000000 -5.550000
0.000000 0.000000 -5.600000
0.000000 0.000000 -5.500000
0.000000 0.100000 -5.600000
0.000000 0.050000 -5.600000
2.400000 0.050000 -5.600000
2.400000 0.100000 -8.000000
-2.500000 0.100000 -8.000000
-2.500000 0.050000 -5.500000
0.000000 0.050000 -5.500000
0.000000 0.100000 -5.500000
0.050000 0.100000 -10.450000
-2.450000 0.100000 -10.450000
-2.450000 0.100000 -8.050000
-2.450000 0.100000 -5.550000
2.450000 0.100000 -10.450000
2.450000 0.100000 -7.950000
2.450000 0.100000 -5.550000
-0.050000 0.100000 -5.550000
-2.475000 0.000000 -9.225000
-2.450000 0.000000 -9.200000
-1.225000 0.000000 -10.425000
-1.250000 0.000000 -10.450000
1.200000 0.000000 -10.450000
1.225000 0.000000 -10.475000
-1.250000 0.050000 -10.500000
-1.250000 0.075000 -10.500000
1.250000 0.025000 -10.500000
1.250000 0.050000 -10.500000
-2.500000 0.050000 -9.250000
-2.500000 0.025000 -9.250000
2.425000 0.000000 -9.225000
2.450000 0.000000 -9.250000
2.450000 0.000000 -6.800000
2.475000 0.000000 -6.775000
2.500000 0.050000 -9.250000
2.500000 0.075000 -9.250000
2.500000 0.025000 -6.750000
2.500000 0.050000 -6.750000
-2.450000 0.000000 -6.750000
-2.425000 0.000000 -6.775000
-1.200000 0.050000 -10.400000
-1.200000 0.025000 -10.400000
-2.400000 0.050000 -9.200000
-2.400000 0.075000 -9.200000
-2.400000 0.025000 -6.800000
-2.400000 0.050000 -6.800000
2.400000 0.050000 -9.200000
2.400000 0.025000 -9.200000
1.200000 0.050000 -10.400000
1.200000 0.075000 -10.400000
1.250000 0.000000 -5.550000
1.225000 0.000000 -5.575000
-1.225000 0.000000 -5.525000
-1.200000 0.000000 -5.550000
-1.200000 0.050000 -5.600000
-1.200000 0.075000 -5.600000
1.200000 0.025000 -5.600000
1.200000 0.050000 -5.600000
2.400000 0.050000 -6.800000
2.400000 0.075000 -6.800000
-2.500000 0.050000 -6.750000
-2.500000 0.075000 -6.750000
-1.250000 0.050000 -5.500000
-1.250000 0.025000 -5.500000
1.250000 0.050000 -5.500000
1.250000 0.075000 -5.500000
-1.225000 0.100000 -10.475000
-1.200000 0.100000 -10.450000
-2.425000 0.100000 -9.225000
-2.450000 0.100000 -9.250000
-2.450000 0.100000 -6.800000
-2.475000 0.100000 -6.775000
1.225000 0.100000 -10.425000
1.250000 0.100000 -10.450000
2.475000 0.100000 -9.225000
2.450000 0.100000 -9.200000
2.450000 0.100000 -6.750000
2.425000 0.100000 -6.775000
-1.225000 0.100000 -5.575000
-1.250000 0.100000 -5.550000
1.225000 0.100000 -5.525000
1.200000 0.100000 -5.550000
-2.425000 0.000000 -9.175000
-2.475000 0.000000 -6.725000
-2.500000 0.000000 -6.750000
-2.500000 0.000000 -9.250000
1.200000 0.000000 -10.400000
1.175000 0.000000 -10.425000
-1.200000 0.000000 -10.400000
-1.275000 0.000000 -10.475000
1.250000 0.000000 -10.500000
-1.250000 0.000000 -10.500000
-1.250000 0.100000 -10.500000
1.250000 0.100000 -10.500000
1.250000 0.075000 -10.500000
-1.250000 0.025000 -10.500000
-2.500000 0.025000 -6.750000
-2.500000 0.075000 -9.250000
2.400000 0.000000 -6.800000
2.425000 0.000000 -6.825000
2.400000 0.000000 -9.200000
2.475000 0.000000 -9.275000
2.500000 0.000000 -6.750000
2.500000 0.000000 -9.250000
2.500000 0.100000 -9.250000
2.500000 0.100000 -6.750000
2.500000 0.075000 -6.750000
2.500000 0.025000 -9.250000
-2.400000 0.000000 -6.800000
-2.400000 0.000000 -9.200000
1.200000 0.025000 -10.400000
-1.200000 0.075000 -10.400000
-2.400000 0.100000 -9.200000
-2.400000 0.100000 -6.800000
-2.400000 0.075000 -6.800000
-2.400000 0.025000 -9.200000
2.400000 0.025000 -6.800000
2.400000 0.075000 -9.200000
1.200000 0.100000 -10.400000
-1.200000 0.100000 -10.400000
1.200000 0.000000 -5.600000
1.275000 0.000000 -5.525000
-1.175000 0.000000 -5.575000
-1.200000 0.000000 -5.600000
1.250000 0.000000 -5.500000
-1.250000 0.000000 -5.500000
-1.200000 0.100000 -5.600000
1.200000 0.100000 -5.600000
1.200000 0.075000 -5.600000
-1.200000 0.025000 -5.600000
2.400000 0.100000 -6.800000
2.400000 0.100000 -9.200000
-2.500000 0.100000 -6.750000
-2.500000 0.100000 -9.250000
1.250000 0.025000 -5.500000
-1.250000 0.075000 -5.500000
1.250000 0.100000 -5.500000
-1.250000 0.100000 -5.500000
-1.175000 0.100000 -10.425000
1.275000 0.100000 -10.475000
-2.425000 0.100000 -6.825000
-2.475000 0.100000 -9.275000
2.425000 0.100000 -9.175000
2.475000 0.100000 -6.725000
-1.275000 0.100000 -5.525000
1.175000 0.100000 -5.575000
-2.450000 0.000000 -9.825000
-2.462500 0.000000 -9.837500
-1.837500 0.000000 -10.437500
-1.850000 0.000000 -10.450000
1.825000 0.000000 -10.450000
1.837500 0.000000 -10.462500
-1.875000 0.062500 -10.500000
-1.875000 0.050000 -10.500000
1.875000 0.037500 -10.500000
1.875000 0.050000 -10.500000
-2.500000 0.050000 -9.875000
-2.500000 0.037500 -9.875000
2.437500 0.000000 -9.837500
2.450000 0.000000 -9.850000
2.450000 0.000000 -6.175000
2.462500 0.000000 -6.162500
2.500000 0.062500 -9.875000
2.500000 0.050000 -9.875000
2.500000 0.037500 -6.125000
2.500000 0.050000 -6.125000
-2.450000 0.000000 -6.150000
-2.437500 0.000000 -6.162500
-1.800000 0.050000 -10.400000
-1.800000 0.037500 -10.400000
-2.400000 0.062500 -9.800000
-2.400000 0.050000 -9.800000
-2.400000 0.037500 -6.200000
-2.400000 0.050000 -6.200000
2.400000 0.050000 -9.800000
2.400000 0.037500 -9.800000
1.800000 0.062500 -10.400000
1.800000 0.050000 -10.400000
1.850000 0.000000 -5.550000
1.837500 0.000000 -5.562500
-1.837500 0.000000 -5.537500
-1.825000 0.000000 -5.550000
-1.800000 0.062500 -5.600000
-1.800000 0.050000 -5.600000
1.800000 0.037500 -5.600000
1.800000 0.050000 -5.600000
2.400000 0.062500 -6.200000
2.400000 0.050000 -6.200000
-2.500000 0.062500 -6.125000
-2.500000 0.050000 -6.125000
-1.875000 0.050000 -5.500000
-1.875000 0.037500 -5.500000
1.875000 0.062500 -5.500000
1.875000 0.050000 -5.500000
-1.825000 0.100000 -10.450000
-1.837500 0.100000 -10.462500
-2.437500 0.100000 -9.837500
-2.450000 0.100000 -9.850000
-2.450000 0.100000 -6.175000
-2.462500 0.100000 -6.162500
1.837500 0.100000 -10.437500
1.850000 0.100000 -10.450000
2.450000 0.100000 -9.825000
2.462500 0.100000 -9.837500
2.450000 0.100000 -6.150000
2.437500 0.100000 -6.162500
-1.850000 0.100000 -5.550000
-1.837500 0.100000 -5.562500
1.837500 0.100000 -5.537500
1.825000 0.100000 -5.550000
-2.437500 0.000000 -8.562500
-2.450000 0.000000 -8.575000
-2.487500 0.000000 -6.112500
-2.500000 0.000000 -6.125000
-2.487500 0.000000 -8.612500
-2.500000 0.000000 -8.625000
1.800000 0.000000 -10.400000
1.787500 0.000000 -10.412500
-0.600000 0.000000 -10.400000
-0.612500 0.000000 -10.412500
-0.650000 0.000000 -10.450000
-0.662500 0.000000 -10.462500
0.625000 0.000000 -10.500000
0.612500 0.000000 -10.487500
0.575000 0.000000 -10.450000
0.562500 0.000000 -10.437500
-1.875000 0.000000 -10.500000
-1.887500 0.000000 -10.487500
-0.625000 0.100000 -10.500000
-0.625000 0.087500 -10.500000
1.875000 0.100000 -10.500000
1.875000 0.087500 -10.500000
-0.625000 0.050000 -10.500000
-0.625000 0.037500 -10.500000
0.625000 0.062500 -10.500000
0.625000 0.050000 -10.500000
0.625000 0.012500 -10.500000
-1.875000 0.012500 -10.500000
-2.500000 0.012500 -6.125000
-2.500000 0.062500 -8.625000
-2.500000 0.050000 -8.625000
-2.500000 0.012500 -8.625000
2.400000 0.000000 -6.200000
2.412500 0.000000 -6.212500
2.400000 0.000000 -8.600000
2.412500 0.000000 -8.612500
2.450000 0.000000 -8.650000
2.462500 0.000000 -8.662500
2.500000 0.000000 -7.375000
2.487500 0.000000 -7.387500
2.450000 0.000000 -7.425000
2.437500 0.000000 -7.437500
2.500000 0.000000 -9.875000
2.487500 0.000000 -9.887500
2.500000 0.100000 -8.625000
2.500000 0.087500 -8.625000
2.500000 0.100000 -6.125000
2.500000 0.087500 -6.125000
2.500000 0.050000 -8.625000
2.500000 0.037500 -8.625000
2.500000 0.062500 -7.375000
2.500000 0.050000 -7.375000
2.500000 0.012500 -7.375000
2.500000 0.012500 -9.875000
-2.400000 0.000000 -7.400000
-2.412500 0.000000 -7.387500
-2.450000 0.000000 -7.350000
-2.462500 0.000000 -7.337500
-2.400000 0.000000 -9.800000
-2.412500 0.000000 -9.787500
1.800000 0.012500 -10.400000
-0.600000 0.062500 -10.400000
-0.600000 0.050000 -10.400000
-0.600000 0.012500 -10.400000
-2.400000 0.100000 -8.600000
-2.400000 0.087500 -8.600000
-2.400000 0.100000 -6.200000
-2.400000 0.087500 -6.200000
-2.400000 0.050000 -8.600000
-2.400000 0.037500 -8.600000
-2.400000 0.062500 -7.400000
-2.400000 0.050000 -7.400000
-2.400000 0.012500 -7.400000
-2.400000 0.012500 -9.800000
2.400000 0.012500 -6.200000
2.400000 0.062500 -8.600000
2.400000 0.050000 -8.600000
2.400000 0.012500 -8.600000
0.600000 0.100000 -10.400000
0.600000 0.087500 -10.400000
-1.800000 0.100000 -10.400000
-1.800000 0.087500 -10.400000
0.600000 0.050000 -10.400000
0.600000 0.037500 -10.400000
0.600000 0.000000 -5.600000
0.612500 0.000000 -5.587500
0.650000 0.000000 -5.550000
0.662500 0.000000 -5.537500
-1.800000 0.000000 -5.600000
-1.787500 0.000000 -5.587500
1.875000 0.000000 -5.500000
1.887500 0.000000 -5.512500
-0.625000 0.000000 -5.500000
-0.612500 0.000000 -5.512500
-0.575000 0.000000 -5.550000
-0.562500 0.000000 -5.562500
-0.600000 0.100000 -5.600000
-0.600000 0.087500 -5.600000
1.800000 0.100000 -5.600000
1.800000 0.087500 -5.600000
-0.600000 0.050000 -5.600000
-0.600000 0.037500 -5.600000
0.600000 0.062500 -5.600000
0.600000 0.050000 -5.600000
0.600000 0.012500 -5.600000
-1.800000 0.012500 -5.600000
2.400000 0.100000 -7.400000
2.400000 0.087500 -7.400000
2.400000 0.100000 -9.800000
2.400000 0.087500 -9.800000
2.400000 0.050000 -7.400000
2.400000 0.037500 -7.400000
-2.500000 0.100000 -7.375000
-2.500000 0.087500 -7.375000
-2.500000 0.100000 -9.875000
-2.500000 0.087500 -9.875000
-2.500000 0.050000 -7.375000
-2.500000 0.037500 -7.375000
1.875000 0.012500 -5.500000
-0.625000 0.062500 -5.500000
-0.625000 0.050000 -5.500000
-0.625000 0.012500 -5.500000
0.625000 0.100000 -5.500000
0.625000 0.087500 -5.500000
-1.875000 0.100000 -5.500000
-1.875000 0.087500 -5.500000
0.625000 0.050000 -5.500000
0.625000 0.037500 -5.500000
-0.562500 0.100000 -10.437500
-0.575000 0.100000 -10.450000
1.887500 0.100000 -10.487500
-0.612500 0.100000 -10.487500
-2.412500 0.100000 -6.212500
-2.412500 0.100000 -8.612500
-2.450000 0.100000 -8.650000
-2.462500 0.100000 -8.662500
-2.487500 0.100000 -7.387500
-2.450000 0.100000 -7.425000
-2.437500 0.100000 -7.437500
-2.487500 0.100000 -9.887500
-1.787500 0.100000 -10.412500
0.612500 0.100000 -10.412500
0.650000 0.100000 -10.450000
0.662500 0.100000 -10.462500
2.437500 0.100000 -8.562500
2.450000 0.100000 -8.575000
2.487500 0.100000 -6.112500
2.487500 0.100000 -8.612500
2.412500 0.100000 -7.387500
2.450000 0.100000 -7.350000
2.462500 0.100000 -7.337500
2.412500 0.100000 -9.787500
-0.662500 0.100000 -5.537500
-0.650000 0.100000 -5.550000
1.787500 0.100000 -5.587500
-0.612500 0.100000 -5.587500
-1.887500 0.100000 -5.512500
0.612500 0.100000 -5.512500
0.575000 0.100000 -5.550000
0.562500 0.100000 -5.562500
-2.475000 0.000000 -8.600000
-0.637500 0.000000 -10.437500
0.600000 0.000000 -10.475000
-0.625000 0.062500 -10.500000
0.625000 0.037500 -10.500000
-2.500000 0.037500 -8.625000
2.437500 0.000000 -8.637500
2.475000 0.000000 -7.400000
2.500000 0.062500 -8.625000
2.500000 0.037500 -7.375000
-2.437500 0.000000 -7.362500
-0.600000 0.037500 -10.400000
-2.400000 0.062500 -8.600000
-2.400000 0.037500 -7.400000
2.400000 0.037500 -8.600000
0.600000 0.062500 -10.400000
0.637500 0.000000 -5.562500
-0.600000 0.000000 -5.525000
-0.600000 0.062500 -5.600000
0.600000 0.037500 -5.600000
2.400000 0.062500 -7.400000
-2.500000 0.062500 -7.375000
-0.625000 0.037500 -5.500000
0.625000 0.062500 -5.500000
-0.600000 0.100000 -10.475000
-2.437500 0.100000 -8.637500
-2.475000 0.100000 -7.400000
0.637500 0.100000 -10.437500
2.475000 0.100000 -8.600000
2.437500 0.100000 -7.362500
-0.637500 0.100000 -5.562500
0.600000 0.100000 -5.525000
-2.425000 0.000000 -9.800000
-2.475000 0.000000 -7.350000
-2.500000 0.000000 -7.375000
-2.475000 0.000000 -9.850000
-2.500000 0.000000 -9.875000
0.600000 0.000000 -10.400000
0.587500 0.000000 -10.412500
-1.800000 0.000000 -10.400000
-1.812500 0.000000 -10.412500
-1.862500 0.000000 -10.462500
1.850000 0.000000 -10.475000
1.875000 0.000000 -10.500000
1.800000 0.000000 -10.425000
-0.650000 0.000000 -10.475000
-0.625000 0.000000 -10.500000
-1.875000 0.087500 -10.500000
-1.875000 0.100000 -10.500000
0.625000 0.087500 -10.500000
0.625000 0.100000 -10.500000
-1.875000 0.037500 -10.500000
1.875000 0.062500 -10.500000
1.875000 0.012500 -10.500000
-0.625000 0.012500 -10.500000
-2.500000 0.012500 -7.375000
-2.500000 0.062500 -9.875000
-2.500000 0.012500 -9.875000
2.400000 0.000000 -7.400000
2.412500 0.000000 -7.412500
2.400000 0.000000 -9.800000
2.412500 0.000000 -9.812500
2.462500 0.000000 -9.862500
2.475000 0.000000 -6.150000
2.500000 0.000000 -6.125000
2.425000 0.000000 -6.200000
2.475000 0.000000 -8.650000
2.500000 0.000000 -8.625000
2.500000 0.087500 -9.875000
2.500000 0.100000 -9.875000
2.500000 0.087500 -7.375000
2.500000 0.100000 -7.375000
2.500000 0.037500 -9.875000
2.500000 0.062500 -6.125000
2.500000 0.012500 -6.125000
2.500000 0.012500 -8.625000
-2.412500 0.000000 -6.187500
-2.400000 0.000000 -6.200000
-2.462500 0.000000 -6.137500
-2.412500 0.000000 -8.587500
-2.400000 0.000000 -8.600000
0.600000 0.012500 -10.400000
-1.800000 0.062500 -10.400000
-1.800000 0.012500 -10.400000
-2.400000 0.087500 -9.800000
-2.400000 0.100000 -9.800000
-2.400000 0.087500 -7.400000
-2.400000 0.100000 -7.400000
-2.400000 0.037500 -9.800000
-2.400000 0.062500 -6.200000
-2.400000 0.012500 -6.200000
-2.400000 0.012500 -8.600000
2.400000 0.012500 -7.400000
2.400000 0.062500 -9.800000
2.400000 0.012500 -9.800000
1.800000 0.087500 -10.400000
1.800000 0.100000 -10.400000
-0.600000 0.087500 -10.400000
-0.600000 0.100000 -10.400000
1.800000 0.037500 -10.400000
1.812500 0.000000 -5.587500
1.800000 0.000000 -5.600000
1.862500 0.000000 -5.537500
-0.587500 0.000000 -5.587500
-0.600000 0.000000 -5.600000
0.650000 0.000000 -5.525000
0.625000 0.000000 -5.500000
-1.850000 0.000000 -5.525000
-1.875000 0.000000 -5.500000
-1.800000 0.000000 -5.575000
-1.800000 0.087500 -5.600000
-1.800000 0.100000 -5.600000
0.600000 0.087500 -5.600000
0.600000 0.100000 -5.600000
-1.800000 0.037500 -5.600000
1.800000 0.062500 -5.600000
1.800000 0.012500 -5.600000
-0.600000 0.012500 -5.600000
2.400000 0.087500 -6.200000
2.400000 0.100000 -6.200000
2.400000 0.087500 -8.600000
2.400000 0.100000 -8.600000
2.400000 0.037500 -6.200000
-2.500000 0.087500 -6.125000
-2.500000 0.100000 -6.125000
-2.500000 0.087500 -8.625000
-2.500000 0.100000 -8.625000
-2.500000 0.037500 -6.125000
0.625000 0.012500 -5.500000
-1.875000 0.062500 -5.500000
-1.875000 0.012500 -5.500000
1.875000 0.087500 -5.500000
1.875000 0.100000 -5.500000
-0.625000 0.087500 -5.500000
-0.625000 0.100000 -5.500000
1.875000 0.037500 -5.500000
-1.800000 0.100000 -10.425000
0.650000 0.100000 -10.475000
-1.850000 0.100000 -10.475000
-2.412500 0.100000 -7.412500
-2.412500 0.100000 -9.812500
-2.462500 0.100000 -9.862500
-2.475000 0.100000 -6.150000
-2.425000 0.100000 -6.200000
-2.475000 0.100000 -8.650000
-0.587500 0.100000 -10.412500
1.812500 0.100000 -10.412500
1.862500 0.100000 -10.462500
2.425000 0.100000 -9.800000
2.475000 0.100000 -7.350000
2.475000 0.100000 -9.850000
2.412500 0.100000 -6.187500
2.462500 0.100000 -6.137500
2.412500 0.100000 -8.587500
-1.862500 0.100000 -5.537500
0.587500 0.100000 -5.587500
-1.812500 0.100000 -5.587500
-0.650000 0.100000 -5.525000
1.850000 0.100000 -5.525000
1.800000 0.100000 -5.575000